0	2766.361951	9073.667198
0.05	2817.865614	9242.599213
0.1	2868.874919	9409.909734
0.15	2919.346792	9575.457479
0.2	2969.343783	9739.447609
0.25	3018.898847	9901.988219
0.3	3067.977676	10062.96678
0.35	3116.642675	10222.58797
0.4	3164.893931	10380.85209
0.45	3212.697057	10537.64635
0.5	3260.117706	10693.18608
0.55	3307.154284	10847.46605
0.6	3353.874054	11000.7069
0.65	3400.075335	11152.2471
0.7	3445.95823	11302.74299
0.75	3491.521116	11452.18926
0.8	3536.762377	11600.5806
0.85	3581.683662	11747.92241
0.9	3625.955351	11893.13355
0.95	3670.233449	12038.36571
1	3714.188335	12182.53774
1.05	3757.823299	12325.66042
1.1	3800.805423	12466.64179
1.15	3843.794005	12607.64434
1.2	3886.459405	12747.58685
1.25	3928.801634	12886.46936
1.3	3970.822333	13024.29725
1.35	4012.51659	13161.05442
1.4	4054.21733	13297.83284
1.45	4095.265279	13432.47012
1.5	4136.318079	13567.1233
1.55	4176.718093	13699.63535
1.6	4217.122962	13832.16331
1.65	4257.201417	13963.62065
1.7	4297.284735	14095.09393
1.75	4336.715284	14224.42613
1.8	4376.150699	14353.77429
1.85	4415.259705	14482.05183
1.9	4454.04395	14609.26416
1.95	4492.503426	14735.41124
2	4530.966145	14861.56896
2.05	4569.102464	14986.65608
2.1	4606.915665	15110.68338
2.15	4644.402469	15233.6401
2.2	4681.890876	15356.60207
2.25	4719.056175	15478.50425
2.3	4756.221437	15600.40631
2.35	4792.73559	15720.17274
2.4	4829.249714	15839.93906
2.45	4865.76873	15959.72143
2.5	4901.631717	16077.35203
2.55	4937.49796	16194.99331
2.6	4973.367453	16312.64525
2.65	5008.580926	16428.14544
2.7	5043.797655	16543.65631
2.75	5079.015999	16659.17248
2.8	5113.909603	16773.6235
2.85	5148.475181	16886.99859
2.9	5182.716024	16999.30856
2.95	5216.958486	17111.62383
3	5251.202567	17223.94442
3.05	5284.792268	17334.11864
3.1	5318.711589	17445.37401
3.15	5351.976533	17554.48303
3.2	5385.243105	17663.59738
3.25	5418.511296	17772.71705
3.3	5451.125111	17879.69036
3.35	5484.068554	17987.74486
3.4	5516.35762	18093.65299
3.45	5548.97631	18200.6423
3.5	5580.940627	18305.48526
3.55	5612.906572	18410.33356
3.6	5644.872501	18515.1818
3.65	5676.513698	18618.96493
3.7	5707.826886	18721.67219
3.75	5739.141698	18824.38477
3.8	5770.130137	18926.02685
3.85	5801.120209	19027.67428
3.9	5832.110264	19129.32167
3.95	5862.445951	19228.82272
4	5893.111269	19329.40496
4.05	5923.450216	19428.91671
4.1	5953.46279	19527.35795
4.15	5983.475355	19625.79917
4.2	6013.159913	19723.16451
4.25	6042.847738	19820.54058
4.3	6072.207555	19916.84078
4.35	6101.569004	20013.14633
4.4	6130.602445	20108.37602
4.45	6159.639157	20203.61644
4.5	6188.674222	20298.85145
4.55	6217.056554	20391.9455
4.6	6245.766882	20486.11537
4.65	6274.149201	20579.20938
4.7	6302.206793	20671.23828
4.75	6330.262736	20763.26177
4.8	6358.321955	20855.29601
4.85	6386.051526	20946.24901
4.9	6413.784369	21037.21273
4.95	6441.189204	21127.10059
5	6468.594034	21216.98843
5.05	6495.672497	21305.80579
5.1	6522.752591	21394.6285
5.15	6549.504685	21482.37537
5.2	6576.179447	21569.86858
5.25	6602.658838	21656.72099
5.3	6628.944251	21742.93714
5.35	6655.037072	21828.5216
5.3997	6680.783816	21912.97092
5.4497	6706.496657	21997.30903
5.4997	6732.020932	22081.02866
5.5497	6757.357951	22164.13408
5.5997	6782.509008	22246.62955
5.6497	6807.475366	22328.5192
5.6997	6832.258292	22409.8072
5.7497	6856.859019	22490.49758
5.7997	6881.278774	22570.59438
5.8497	6905.518765	22650.10155
5.8997	6929.580182	22729.023
5.9497	6953.464199	22807.36257
5.9997	6977.171979	22885.12409
6.0497	7000.704664	22962.3113
6.0997	7024.063391	23038.92792
6.1497	7047.24927	23114.9776
6.1997	7070.263413	23190.46399
6.2497	7093.106906	23265.39065
6.2997	7115.780826	23339.76111
6.3497	7138.28624	23413.57887
6.3997	7160.624193	23486.84735
6.4497	7182.79573	23559.56999
6.4997	7204.801868	23631.75013
6.5497	7226.643626	23703.39109
6.5997	7248.322004	23774.49617
6.6497	7269.837991	23845.06861
6.6997	7291.192569	23915.11162
6.7497	7312.3867	23984.62838
6.7997	7333.421344	24053.62201
6.8497	7354.297439	24122.0956
6.8997	7375.015921	24190.05222
6.9497	7395.577712	24257.49489
6.9997	7415.983721	24324.42661
7.0497	7436.234849	24390.8503
7.0997	7456.331986	24456.76891
7.1497	7476.276012	24522.18532
7.1997	7496.067803	24587.10239
7.2497	7515.708215	24651.52295
7.2997	7535.198102	24715.44977
7.3497	7554.538302	24778.88563
7.3997	7573.729647	24841.83324
7.4497	7592.772957	24904.2953
7.4997	7611.66905	24966.27449
7.5497	7630.418726	25027.77342
7.5997	7649.022783	25088.79473
7.6497	7667.482011	25149.341
7.6997	7685.797182	25209.41476
7.7497	7703.969069	25269.01855
7.7997	7721.998431	25328.15485
7.8497	7739.886024	25386.82616
7.8997	7757.632586	25445.03488
7.9497	7775.238858	25502.78345
7.9997	7792.705566	25560.07426
8.0497	7810.033433	25616.90966
8.0997	7827.223168	25673.29199
8.1497	7844.275478	25729.22357
8.1997	7861.191057	25784.70667
8.2497	7877.970599	25839.74356
8.2997	7894.61478	25894.33648
8.3497	7911.124279	25948.48764
8.3997	7927.499763	26002.19922
8.4497	7943.741892	26055.47341
8.4997	7959.851319	26108.31233
8.5497	7975.828694	26160.71812
8.5997	7991.674655	26212.69287
8.6497	8007.389836	26264.23866
8.6997	8022.974863	26315.35755
8.7497	8038.430356	26366.05157
8.7997	8053.756929	26416.32273
8.8497	8068.955191	26466.17303
8.8997	8084.025741	26515.60443
8.9497	8098.969174	26564.61889
8.9997	8113.786078	26613.21833
9.0497	8128.477036	26661.40468
9.0997	8143.042625	26709.17981
9.1497	8157.483414	26756.5456
9.1997	8171.799967	26803.50389
9.2497	8185.992843	26850.05653
9.2997	8200.062597	26896.20532
9.3497	8214.009774	26941.95206
9.3997	8227.834917	26987.29853
9.4497	8241.538562	27032.24648
9.4997	8255.12124	27076.79767
9.5497	8268.583476	27120.9538
9.5997	8281.925787	27164.71658
9.6497	8295.14869	27208.0877
9.6997	8308.252692	27251.06883
9.7497	8321.238298	27293.66162
9.7997	8334.106006	27335.8677
9.8497	8346.85631	27377.6887
9.8997	8359.489699	27419.12621
9.9497	8372.006656	27460.18183
9.9997	8384.40766	27500.85713
10.0497	8396.693183	27541.15364
10.0997	8408.863694	27581.07292
10.1497	8420.919656	27620.61647
10.1997	8432.861529	27659.78581
10.2497	8444.689766	27698.58243
10.2997	8456.404817	27737.0078
10.3497	8468.007127	27775.06338
10.3997	8479.497137	27812.75061
10.4497	8490.875284	27850.07093
10.4997	8502.141999	27887.02576
10.5497	8513.297709	27923.61649
10.5997	8524.342837	27959.84451
10.6497	8535.277804	27995.7112
10.6997	8546.103021	28031.21791
10.7497	8556.818902	28066.366
10.7997	8567.425851	28101.15679
10.8497	8577.924271	28135.59161
10.8997	8588.314561	28169.67176
10.9497	8598.597114	28203.39853
10.9997	8608.772321	28236.77321
11.0497	8618.840568	28269.79706
11.0997	8628.802237	28302.47134
11.1497	8638.657707	28334.79728
11.1997	8648.407353	28366.77612
11.2497	8658.051545	28398.40907
11.2997	8667.590651	28429.69733
11.3497	8677.025033	28460.64211
11.3997	8686.355051	28491.24457
11.4497	8695.581061	28521.50588
11.4997	8704.703415	28551.4272
11.5497	8713.722463	28581.00968
11.5997	8722.638548	28610.25444
11.6497	8731.452015	28639.16261
11.6997	8740.1632	28667.7353
11.7497	8748.772439	28695.9736
11.7997	8757.280062	28723.8786
11.8497	8765.686398	28751.45138
11.8997	8773.99177	28778.69301
11.9497	8782.1965	28805.60452
11.9997	8790.300905	28832.18697
12.0497	8798.305301	28858.44139
12.0997	8806.209999	28884.3688
12.1497	8814.015306	28909.9702
12.1997	8821.721527	28935.24661
12.2497	8829.328964	28960.199
12.2997	8836.837916	28984.82836
12.3497	8844.248676	29009.13566
12.3997	8851.561539	29033.12185
12.4497	8858.776793	29056.78788
12.4997	8865.894723	29080.13469
12.5497	8872.915614	29103.16321
12.5997	8879.839745	29125.87436
12.6497	8886.667394	29148.26905
12.6997	8893.398834	29170.34817
12.7497	8900.034336	29192.11262
12.7997	8906.574169	29213.56328
12.8497	8913.018598	29234.701
12.8997	8919.367885	29255.52666
12.9497	8925.62229	29276.04111
12.9997	8931.78207	29296.24519
13.0497	8937.847478	29316.13973
13.0997	8943.818767	29335.72556
13.1497	8949.696184	29355.00348
13.1997	8955.479975	29373.97432
13.2497	8961.170383	29392.63885
13.2997	8966.767647	29410.99788
13.3497	8972.272006	29429.05218
13.3997	8977.683694	29446.80252
13.4497	8983.002943	29464.24965
13.4997	8988.229984	29481.39435
13.5497	8993.365042	29498.23734
13.5997	8998.408344	29514.77937
13.6497	9003.36011	29531.02116
13.6997	9008.22056	29546.96344
13.7497	9012.98991	29562.6069
13.7997	9017.668374	29577.95227
13.8497	9022.256165	29593.00022
13.8997	9026.75349	29607.75145
13.9497	9031.160557	29622.20663
13.9997	9035.47757	29636.36643
14.0497	9039.70473	29650.23152
14.0997	9043.842238	29663.80254
14.1497	9047.890289	29677.08015
14.1997	9051.849079	29690.06498
14.2497	9055.718799	29702.75766
14.2997	9059.49964	29715.15882
14.3497	9063.191789	29727.26907
14.3997	9066.795431	29739.08901
14.4497	9070.310748	29750.61925
14.4997	9073.73792	29761.86038
14.5497	9077.077126	29772.81297
14.5997	9080.328542	29783.47762
14.6497	9083.49234	29793.85487
14.6997	9086.568692	29803.94531
14.7497	9089.557767	29813.74947
14.7997	9092.459731	29823.26792
14.8497	9095.27475	29832.50118
14.8997	9098.002985	29841.44979
14.9497	9100.644598	29850.11428
14.9997	9103.199745	29858.49516
15.0497	9105.668583	29866.59295
15.0997	9108.051264	29874.40815
15.1497	9110.347941	29881.94124
15.1997	9112.558761	29889.19274
15.2497	9114.683873	29896.1631
15.2997	9116.723421	29902.85282
15.3497	9118.677549	29909.26236
15.3997	9120.546395	29915.39218
15.4497	9122.3301	29921.24273
15.4997	9124.028799	29926.81446
15.5497	9125.642628	29932.10782
15.5997	9127.171717	29937.12323
15.6497	9128.616199	29941.86113
15.6997	9129.9762	29946.32194
15.7497	9131.251848	29950.50606
15.7997	9132.443267	29954.41392
15.8497	9133.550579	29958.0459
15.8997	9134.573904	29961.40241
15.9497	9135.51336	29964.48382
15.9997	9136.369064	29967.29053
16.0497	9137.141129	29969.8229
16.0997	9137.829667	29972.08131
16.1497	9138.434789	29974.06611
16.1997	9138.956602	29975.77766
16.2497	9139.395214	29977.2163
16.2997	9139.750728	29978.38239
16.3497	9140.023246	29979.27625
16.3997	9140.212869	29979.89821
16.4497	9140.319696	29980.2486
16.4997	9140.343822	29980.32774
16.5497	9140.285343	29980.13592
16.5997	9140.14435	29979.67347
16.6497	9139.920936	29978.94067
16.6997	9139.615188	29977.93782
16.7497	9139.227194	29976.6652
16.7997	9138.757039	29975.12309
16.8497	9138.204806	29973.31176
16.8997	9137.570576	29971.23149
16.9497	9136.85443	29968.88253
16.9997	9136.056445	29966.26514
17.0497	9135.176696	29963.37956
17.0997	9134.215259	29960.22605
17.1497	9133.172204	29956.80483
17.1997	9132.047602	29953.11614
17.2497	9130.841522	29949.16019
17.2997	9129.554029	29944.93721
17.3497	9128.185188	29940.44742
17.3997	9126.735063	29935.69101
17.4497	9125.203713	29930.66818
17.4997	9123.591198	29925.37913
17.5497	9121.897573	29919.82404
17.5997	9120.122893	29914.00309
17.6497	9118.26721	29907.91645
17.6997	9116.330575	29901.56429
17.7497	9114.313036	29894.94676
17.7997	9112.214642	29888.06402
17.8497	9110.035437	29880.91623
17.8997	9107.775465	29873.50353
17.9497	9105.43477	29865.82605
17.9997	9103.013392	29857.88393
18.0497	9100.511369	29849.67729
18.0997	9097.92874	29841.20627
18.1497	9095.26554	29832.47097
18.1997	9092.521802	29823.47151
18.2497	9089.69756	29814.208
18.2997	9086.792844	29804.68053
18.3497	9083.807684	29794.8892
18.3997	9080.742105	29784.8341
18.4497	9077.596135	29774.51532
18.4997	9074.369796	29763.93293
18.5497	9071.063112	29753.08701
18.5997	9067.676103	29741.97762
18.6497	9064.208788	29730.60482
18.6997	9060.661183	29718.96868
18.7497	9057.033305	29707.06924
18.7997	9053.325167	29694.90655
18.8497	9049.536781	29682.48064
18.8997	9045.668157	29669.79155
18.9497	9041.719304	29656.83932
18.9997	9037.690228	29643.62395
19.0497	9.03E+03	2.96E+04
19.0997	9.03E+03	2.96E+04
